2.512562814070351796e-03 1.000000000000000000e+00 1.000000000000000000e+00 1.000000000000000000e+00 1.000000000000000000e+00 1.000000000000000000e+00 1.000000000000000000e+00 1.000000000000000000e+00 1.000000000000000000e+00 1.000000000000000000e+00
7.537688442211054954e-03 9.535304376323242015e-02 9.934506840754550039e-01 9.999451123420713960e-01 9.999994835220537004e-01 9.999999947076220197e-01 9.999999999423386798e-01 9.999999999993437472e-01 9.999999999999928946e-01 9.999999999999995559e-01
1.256281407035175768e-02 4.546101477456457492e-03 9.613581531936908897e-01 9.994563848597459721e-01 9.999933234813085381e-01 9.999999200299644064e-01 9.999999990379643267e-01 9.999999999882804858e-01 9.999999999998552269e-01 9.999999999999987788e-01
1.758793969849246214e-02 2.167423065660003612e-04 8.808620521022972882e-01 9.971312754198625727e-01 9.999521176477480511e-01 9.999993015705184174e-01 9.999999903846711335e-01 9.999999998709797611e-01 9.999999999982864818e-01 9.999999999999773515e-01
2.261306532663316660e-02 1.033351932166587836e-05 7.452391063773956548e-01 9.895697259909951304e-01 9.997593971085171338e-01 9.999956327840124892e-01 9.999999296830620610e-01 9.999999989398062894e-01 9.999999999846088672e-01 9.999999999997809530e-01
2.763819095477387106e-02 4.926662600535067166e-07 5.732901472609081006e-01 9.708991150149257621e-01 9.990665850072008025e-01 9.999786660746501354e-01 9.999995928195785089e-01 9.999999930081392430e-01 9.999999998875976903e-01 9.999999999982678300e-01
3.266331658291457551e-02 2.348861372777500480e-08 3.985774915174892241e-01 9.337648435501206823e-01 9.970455105316101685e-01 9.999144242094315516e-01 9.999980473483611743e-01 9.999999614606867038e-01 9.999999993075356919e-01 9.999999999883194546e-01
3.768844221105527303e-02 1.119855406361098609e-09 2.504779134467298163e-01 8.719584386316232560e-01 9.920880069248108057e-01 9.997086811684953167e-01 9.999920099515634542e-01 9.999998175842313985e-01 9.999999963122192526e-01 9.999999999314709287e-01
4.271356783919598443e-02 5.339081078562093728e-11 1.427799458191297832e-01 7.835411284426152534e-01 9.816023483278218942e-01 9.991381565318504521e-01 9.999714914916205677e-01 9.999992437886212615e-01 9.999999827142073139e-01 9.999999996441780725e-01
4.773869346733668195e-02 2.545488158697893840e-12 7.419849760284505380e-02 6.726565429761786064e-01 9.621151287010936137e-01 9.977439198515853924e-01 9.999098221672141351e-01 9.999972122307299038e-01 9.999999276862296949e-01 9.999999983447300789e-01
5.276381909547739335e-02 1.213600218975546944e-13 3.534767051564662033e-02 5.488775402960067717e-01 9.298254746846634777e-01 9.946994142260174865e-01 9.997437659699974777e-01 9.999907490705152169e-01 9.999997269552636237e-01 9.999999930289562577e-01
5.778894472361809087e-02 5.786023739552197794e-15 1.552247229280255027e-02 4.243930548748450771e-01 8.815643516462173812e-01 9.886925704934937942e-01 9.993389373524493857e-01 9.999720899491681969e-01 9.999990608157998118e-01 9.999999731935246272e-01
6.281407035175878839e-02 2.758574874263116830e-16 6.316449749042045425e-03 3.104868701468395109e-01 8.158761791937011454e-01 9.778857987575247934e-01 9.984375759861747746e-01 9.999228017888500686e-01 9.999970340920925072e-01 9.999999051905007486e-01
6.783919597989949979e-02 1.315192553548818122e-17 2.393383789434044406e-03 2.148805231825304252e-01 7.338080135519501335e-01 9.600214584358573999e-01 9.965912026743423135e-01 9.998028447665492369e-01 9.999913434011733493e-01 9.999996896542471259e-01
7.286432160804021119e-02 6.270380655780867370e-19 8.482432001049561949e-04 1.407629512970127172e-01 6.390600746325875159e-01 9.327104297365396146e-01 9.930897691573123964e-01 9.995322399796262580e-01 9.999765132638477327e-01 9.999990546813524173e-01
7.788944723618090871e-02 2.989499405414002934e-20 2.823384981476089167e-04 8.737978266923424053e-02 5.373967541071860143e-01 8.938800990344472064e-01 9.869093410917044729e-01 9.989634902208417433e-01 9.999404649058807326e-01 9.999973077353394579e-01
8.291457286432160623e-02 1.425289338172994186e-21 8.858854201335535365e-05 5.147564604346437089e-02 4.355102930258539784e-01 8.422872886488432798e-01 9.767075380730144696e-01 9.978446950455900355e-01 9.998583777199224754e-01 9.999928006085569976e-01
8.793969849246230375e-02 6.795283831903916376e-23 2.629155248589721064e-05 2.882552565338798722e-02 3.397217348985941965e-01 7.779540292097635312e-01 9.608945632781695778e-01 9.957766549926888588e-01 9.996825904085782089e-01 9.999818554549740890e-01
9.296482412060301515e-02 3.239754983035590284e-24 7.403405624825549008e-06 1.537057204353452569e-02 2.549169762505951176e-01 7.023858855923977851e-01 9.377943386097602474e-01 9.921717991716424434e-01 9.993273578517669620e-01 9.999567549752859108e-01
9.798994974874372654e-02 1.544602493397708484e-25 1.983602041920095514e-06 7.818101143921018376e-03 1.839730560888161448e-01 6.184885767851674432e-01 9.058862573258684714e-01 9.862272942945711218e-01 9.986478605184467838e-01 9.999022329369497974e-01
1.030150753768844241e-01 7.364127457487497703e-27 5.070075304096324110e-07 3.799815023571763255e-03 1.277232021944482709e-01 5.301884468468124334e-01 8.640899997176180181e-01 9.769273226029543400e-01 9.974141380393208856e-01 9.997897569495581838e-01
1.080402010050251216e-01 3.510959838659140554e-28 1.239223252030489685e-07 1.767682714387314082e-03 8.533653913263017365e-02 4.418503903726371806e-01 8.120338081601952140e-01 9.630882839541227147e-01 9.952825979826861458e-01 9.995688518817462676e-01
1.130653266331658330e-01 1.673903535733077829e-29 2.902802321144892849e-08 7.883707527709311359e-04 5.490558709453276925e-02 3.576399159482411272e-01 7.502400297479587810e-01 9.434544138895935017e-01 9.917701565682758291e-01 9.991548743755314099e-01
1.180904522613065305e-01 7.980589854909368622e-31 6.529851262433959902e-09 3.376090919032962248e-04 3.404342660700045153e-02 2.809780883512898453e-01 6.801750796692214163e-01 9.168404535986800497e-01 9.862382890528742507e-01 9.984131231052997268e-01
1.231155778894472280e-01 3.804867668500301369e-32 1.413277326628809698e-09 1.390261104292333236e-04 2.035812649945870773e-02 2.141949519814133618e-01 6.041413954712095968e-01 8.823049030170171392e-01 9.778954506052142115e-01 9.971400197847775093e-01
1.281407035175879394e-01 1.814028585234273431e-33 2.948165830437090196e-10 5.512978688734801263e-05 1.175175357871785856e-02 1.584204117964670699e-01 5.250271172761189487e-01 8.393257908265819855e-01 9.658256186080657058e-01 9.950432901477362924e-01
1.331658291457286647e-01 8.648727500517796559e-35 5.937266181961926627e-11 2.107956481189697919e-05 6.554057594394539082e-03 1.136872558976627645e-01 4.459630456964411849e-01 7.879447682543478937e-01 9.490475836851142155e-01 9.917244395794578837e-01
1.381909547738693345e-01 4.146056765786620456e-36 1.156094924748513536e-11 7.781615676718581955e-06 3.534643070105863462e-03 7.917816935696943281e-02 3.699557471867848668e-01 7.288473722973318747e-01 9.266042042682743896e-01 9.866680328397042787e-01
1.432160804020100597e-01 8.328947124575120997e-37 2.179676902678850350e-12 2.776702258210878131e-06 1.844977790477615471e-03 5.353431393779162217e-02 2.995658794226829791e-01 6.633578074258504875e-01 8.976740518418367953e-01 9.792429268097071482e-01
1.482412060301507573e-01 1.566459890495540102e-35 3.984397102865160789e-13 9.588077975572069097e-07 9.328749748062653167e-04 3.515329594709366151e-02 2.366838657074227525e-01 5.933431904759330910e-01 8.616912858983150070e-01 9.687202481143596389e-01
1.532663316582914548e-01 3.404864692530791936e-34 7.070490764220269942e-14 3.207318886033434811e-07 4.573096976704305234e-04 2.242875273300555874e-02 1.824279386370373235e-01 5.210405660399799466e-01 8.184550436023156905e-01 9.543112800292143927e-01
1.582914572864321801e-01 6.594298882623693740e-33 1.219452704554221517e-14 1.040405426881915764e-07 2.175253523981630747e-04 1.391119948597409166e-02 1.371611545914733499e-01 4.488352795495099690e-01 7.682086418074453027e-01 9.352255372640877473e-01
1.633165829145728498e-01 1.144863970432040707e-31 2.046402066520171947e-15 3.275909910505107506e-08 1.004774459193645238e-04 8.392099515711497898e-03 1.006017844486339352e-01 3.790276857404697441e-01 7.116721719858468687e-01 9.107455384838437640e-01
1.683417085427135751e-01 1.792587822107771826e-30 3.344893312888876478e-16 1.002139247087691144e-08 4.510468150514609247e-05 4.926699764745373460e-03 7.198967057567985661e-02 3.136250222490278294e-01 6.500192024513589129e-01 8.803108472977032584e-01
1.733668341708542726e-01 2.545320623790538072e-29 5.330504155188177475e-17 2.981049439072346459e-09 1.969210775383707984e-05 2.816158116601331050e-03 5.027005024311700931e-02 2.541874008331389545e-01 5.847978037638124071e-01 8.436007495959798597e-01
1.783919597989949701e-01 3.294040934513204407e-28 8.290010400199552188e-18 8.630085110660602213e-10 8.367422361299514067e-06 1.568231215565133460e-03 3.426341434828589216e-02 2.017440057642021778e-01 5.178058368886380158e-01 8.006033396447992390e-01
1.834170854271356954e-01 3.903426523374048532e-27 1.259293877324937580e-18 2.433371326358306100e-10 3.462738809072169712e-06 8.512371915757921447e-04 2.280127526325815071e-02 1.567813656596546701e-01 4.509381893080937065e-01 7.516593839311964675e-01
1.884422110552763652e-01 4.253400083220275870e-26 1.870030774106607018e-19 6.687682548802618473e-11 1.396575921762930519e-06 4.506206081229739528e-04 1.481947551432936938e-02 1.192933428646320848e-01 3.860277638339911221e-01 6.974722269076742975e-01
1.934673366834170904e-01 4.278543257222015464e-25 2.716851833895906376e-20 1.792785763321295650e-11 5.492919935905041956e-07 2.327663224913089669e-04 9.410207440268122600e-03 8.887450877512731440e-02 3.247018339559047950e-01 6.390797586695515786e-01
1.984924623115578157e-01 3.987399377111552394e-24 3.864679132837396345e-21 4.690985467537375837e-12 2.108153965252231666e-07 1.173821167328766832e-04 5.839992521649579882e-03 6.483562064272148373e-02 2.682712596801355431e-01 5.777901852725175758e-01
2.035175879396984855e-01 3.454329130180544350e-23 5.391389092623519883e-22 1.198856017851181959e-12 7.899832439627188496e-08 5.781963414166654250e-05 3.543484045955864505e-03 4.632143262443162712e-02 2.176632500860024300e-01 5.150888901066220660e-01
2.085427135678392108e-01 2.790337595791384329e-22 7.787716904928726044e-23 2.994395573033655181e-13 2.891986403414062235e-08 2.783259967610572264e-05 2.102880643573431640e-03 3.241564720661965077e-02 1.734005489427186686e-01 4.525279518024293290e-01
2.135678391959798805e-01 2.107709051690311571e-21 4.301211464146683767e-23 7.313931638035394422e-14 1.034842683919776632e-08 1.309920535821215808e-05 1.221030803722314949e-03 2.222374013756719946e-02 1.356227651989788674e-01 3.916120970234136522e-01
2.185929648241206058e-01 1.492722637455003577e-20 2.428821927259436495e-22 1.748001096647672755e-14 3.621429780008547078e-09 6.030464549475604924e-06 6.939501872043566527e-04 1.493016637669435445e-02 1.041403134595893648e-01 3.336946982310757259e-01
2.236180904522613311e-01 9.936548993180256464e-20 1.659068858142916083e-21 4.089976938574114201e-15 1.240031798488763213e-09 2.716860123071977114e-06 3.861717662206741344e-04 9.831055233044453529e-03 7.850868845460892698e-02 2.798950761711448965e-01
2.286432160804020008e-01 6.231323746785669799e-19 1.075448936804268450e-20 9.373852086188241735e-16 4.156653415007126291e-10 1.198352874598351674e-06 2.104953493196242754e-04 6.346470794647354752e-03 5.811055311362911535e-02 2.310444575213574103e-01
2.336683417085427261e-01 3.689323323458432345e-18 6.595335641323436592e-20 2.105504286678274768e-16 1.364635004919878132e-10 5.177112463811767527e-07 1.124271787062886311e-04 4.017666752365032720e-03 4.223486191846666238e-02 1.876633324865997487e-01
2.386934673366833959e-01 2.066364337476661289e-17 3.833333248199707415e-19 4.637726366013006995e-17 4.389822718627301775e-11 2.191567177593242083e-07 5.886015987127034494e-05 2.494828404898880199e-03 3.014519534908855977e-02 1.499685400441582162e-01
2.437185929648241212e-01 1.096924490126781252e-16 2.115299586893783364e-18 1.005770115781064372e-17 1.384281114462153425e-11 9.094098804565015545e-08 3.021652560106596639e-05 1.520022657731385845e-03 2.113283979741192517e-02 1.179048972222022929e-01
2.487437185929648187e-01 5.528666342122027386e-16 1.110047866453191712e-17 2.340295258223739148e-18 4.280857960025010209e-12 3.700584107848666804e-08 1.521560294601747254e-05 9.089091375970003708e-04 1.455324542485058985e-02 9.119401246360309132e-02
2.537688442211055162e-01 2.650051744859921398e-15 5.548340431730424271e-17 1.565225691774845177e-18 1.298800883136178373e-12 1.477234609955114798e-08 7.517972711363282757e-06 5.335444041041072184e-04 9.846904079407556992e-03 6.939218900467372664e-02
2.587939698492462415e-01 1.209904765496655119e-14 2.645295501317088215e-16 5.662231355993313707e-18 3.867493874766220430e-13 5.787021409277831634e-09 3.646039375696204873e-06 3.075521164331304971e-04 6.547233623792374918e-03 5.194986056357420862e-02
2.638190954773869112e-01 5.269176612730223750e-14 1.204694302395859388e-15 2.645704436364133202e-17 1.130727580529789266e-13 2.225564135897140478e-09 1.736160005000705018e-06 1.741335792220176880e-04 4.278763924695238446e-03 3.826645131281779244e-02
2.688442211055276365e-01 2.191912820183205884e-13 5.247339580080037692e-15 1.201405088724312350e-16 3.247249416496958238e-14 8.405293141964053473e-10 8.119724937787137858e-07 9.686758783028334349e-05 2.748957190623562731e-03 2.773648337681577578e-02
2.738693467336683618e-01 8.720713846402228925e-13 2.188757752729810192e-14 5.233725780681679871e-16 9.173279801087097534e-15 3.118438257114332912e-10 3.730852760576442753e-07 5.295679582495178822e-05 1.736582989285694999e-03 1.978476076951096382e-02
2.788944723618090871e-01 3.322430163785509458e-12 8.753053289357315246e-14 2.188423778332499390e-15 2.592851245687095965e-15 1.136926648489612186e-10 1.684685548493059020e-07 2.845939522104295487e-05 1.078924531436101925e-03 1.389022463802722616e-02
2.839195979899497568e-01 1.213476508894175722e-11 3.359730414307184155e-13 8.792274701739990820e-15 9.117754731309757432e-16 4.074497873986739253e-11 7.478232976024424736e-08 1.503841632182787486e-05 6.593945451685104828e-04 9.599411203654106134e-03
2.889447236180904266e-01 4.253505944802362519e-11 1.239042445388042115e-12 3.397489677506600765e-14 1.069566025232332818e-15 1.435799818358556422e-11 3.264154943813493275e-08 7.815573015150850873e-06 3.965057546275778323e-04 6.531283781115220823e-03
2.939698492462311519e-01 1.432336525665053644e-10 4.394754886021417102e-12 1.263916029262608168e-13 3.484937302222934573e-15 4.976513628949414869e-12 1.401371424784793051e-08 3.995854341553377220e-06 2.346359456100886507e-04 4.375584408554125497e-03
2.989949748743718771e-01 4.638131666543867744e-10 1.500572910416423239e-11 4.530820256347552302e-13 1.289573095524763452e-14 1.697302758942213414e-12 5.919192586515595417e-09 2.010269735904244152e-06 1.366693671947022859e-04 2.886851903423500246e-03
3.040201005025126024e-01 1.445558598108419804e-09 4.936732403489323726e-11 1.566425692209541665e-12 4.663055526978861232e-14 5.707841655963766416e-13 2.460432243316949591e-09 9.954020706447906204e-07 7.837354281755323868e-05 1.876001162676669415e-03
3.090452261306532722e-01 4.340063014373070190e-09 1.566203860814865454e-10 5.227265162738883374e-12 1.630283204123232443e-13 1.929133925542441331e-13 1.006723473889638122e-09 4.852257044495616697e-07 4.425666585030594717e-05 1.200970811316620646e-03
3.140703517587939420e-01 1.256252461695029434e-08 4.795464594503890568e-10 1.685043487505962982e-11 5.510748390719199938e-13 7.811534411507378276e-14 4.055705733025747738e-10 2.329107406606200770e-07 2.461427856954644005e-05 7.575199588840648241e-04
3.190954773869346672e-01 3.508425057712778986e-08 1.418132012391412447e-09 5.251015248519973773e-11 1.802209259775453289e-12 7.748425493963565581e-14 1.609118148994158820e-10 1.101115737428468622e-07 1.348596170497336127e-05 4.708581516524873315e-04
3.241206030150753925e-01 9.460580783906195191e-08 4.053400388533898840e-09 1.582994256388038859e-10 5.706201532739150412e-12 1.979725118888288398e-13 6.289348579019023694e-11 5.128251635287156465e-08 7.280297189347402368e-06 2.884648362178262064e-04
3.291457286432161178e-01 2.464862870202809432e-07 1.120564569614134549e-08 4.619692187038229704e-10 1.750348012905003716e-11 6.179997004959131753e-13 2.423657578547967729e-11 2.353377924921489056e-08 3.873230743785305272e-06 1.742107125080262129e-04
3.341708542713567875e-01 6.208979485388909659e-07 2.998138665579780215e-08 1.305943427149810148e-09 5.204901476333223104e-11 1.920409322304299473e-12 9.256015682617647122e-12 1.064366239831652612e-08 2.031131627350944785e-06 1.037309268929897000e-04
3.391959798994974573e-01 1.513102196142878247e-06 7.768424631846660212e-08 3.578329117698466102e-09 1.501324733406948359e-10 5.807205355182143147e-12 3.646791501900389409e-12 4.745226922563083329e-09 1.050086746120821312e-06 6.090668519856241533e-05
3.442211055276381826e-01 3.569362911011134571e-06 1.950457039856814870e-07 9.509013116879245935e-09 4.203029526708008091e-10 1.705938067375901496e-11 1.910287986213708279e-12 2.085832311703224206e-09 5.353221990557275033e-07 3.527088448715435468e-05
3.492462311557789079e-01 8.155073836416048633e-06 4.747940923601223036e-07 2.452069875028685376e-08 1.142658928800131355e-09 4.869920697026070980e-11 2.380193146036321736e-12 9.042009656474636280e-10 2.691456856913704887e-07 2.014805716632249181e-05
3.542713567839196331e-01 1.805541048975763899e-05 1.121169233556961906e-06 6.139095604605303194e-08 3.018335237163447581e-09 1.351639157357192456e-10 5.742221659568844598e-12 3.867667007552041449e-10 1.334809769977756106e-07 1.135495642358230521e-05
3.592964824120603029e-01 3.875649373127237115e-05 2.569533144146640544e-06 1.493040370880707271e-07 7.750602188192663436e-09 3.649194108419722308e-10 1.583188881557707757e-11 1.636701594382592200e-10 6.531116614771150971e-08 6.314551070264853046e-06
3.643216080402009727e-01 8.069433176104417061e-05 5.718261969514395865e-06 3.528952298492839321e-07 1.935671250037972079e-08 9.588255203457308754e-10 4.346292279727066421e-11 6.966940059972971866e-11 3.153312184687394731e-08 3.465553218633052764e-06
3.693467336683416979e-01 1.630406062902994976e-04 1.236232337348740073e-05 8.110154607257458902e-07 4.703900088199133557e-08 2.452953876122354935e-09 1.165688564963145745e-10 3.296873469678173761e-11 1.502570417785369165e-08 1.877341190135512066e-06
3.743718592964824232e-01 3.198048052474400469e-04 2.597479943368754158e-05 1.813070208652017569e-06 1.112778171844071692e-07 6.112784746604402827e-09 3.048197970791531128e-10 2.525327897831315908e-11 7.067798108272292662e-09 1.003970379463403316e-06
3.793969849246231485e-01 6.092321892258711078e-04 5.306412493755240187e-05 3.944452535139925155e-06 2.563709138168593989e-07 1.484478310873890866e-08 7.772290162076260704e-10 4.176135306925868126e-11 3.283306482468076105e-09 5.301163462339104957e-07
3.844221105527638183e-01 1.127591889557782306e-03 1.054431614359033686e-04 8.354525892296552715e-06 5.754617983076809627e-07 3.514564158003019979e-08 1.933122433970092133e-09 9.875997092572088005e-11 1.509129200259746595e-09 2.764131981443673742e-07
3.894472361809045435e-01 2.028362990242369140e-03 2.038768922127395051e-04 1.723409281225158198e-05 1.258990574256882478e-06 8.115267817910740178e-08 4.691827136226666327e-09 2.472281384869491614e-10 6.932025508261924740e-10 1.423468978292161330e-07
3.944723618090452133e-01 3.547387256670680739e-03 3.837119886085030166e-04 3.463759855689237848e-05 2.685655872387288011e-06 1.828236111421521545e-07 1.111630208518671601e-08 6.123848904649263514e-10 3.355730828827805588e-10 7.241123654638579726e-08
3.994974874371859386e-01 6.033603817585451827e-03 7.031994161202180906e-04 6.785064516257220614e-05 5.588010065278741700e-06 4.019922928430294637e-07 2.572006242889177575e-08 1.485001824423455633e-09 2.128928974550706607e-10 3.639302440858690391e-08
4.045226130653266639e-01 9.983392767020420056e-03 1.255243888784246357e-03 1.295849141395097738e-04 1.134471564150044260e-05 8.630006813191308535e-07 5.813383428628866881e-08 3.520603049929398648e-09 2.528108068660811499e-10 1.807878915472316895e-08
4.095477386934673336e-01 1.607432546358568068e-02 2.183171997402861501e-03 2.413738013957377967e-04 2.248041389575014345e-05 1.809500544149208518e-06 1.284037280650889321e-07 8.160677480822288183e-09 4.958708425616122839e-10 8.891075166825172925e-09
4.145728643216080589e-01 2.519144365610802294e-02 3.700710160215320895e-03 4.386274959298865940e-04 4.349387466720149910e-05 3.706817211452826027e-06 2.772421172894820491e-07 1.850024182378993730e-08 1.127085381759695623e-09 4.361345223914660213e-09
4.195979899497487287e-01 3.843653150087128489e-02 6.115614915175559586e-03 7.778584050314381630e-04 8.218609239686631041e-05 7.421196866505738439e-06 5.853422370596303129e-07 4.103021550590191217e-08 2.596459219786297254e-09 2.210421840523116703e-09
4.246231155778894539e-01 5.710895294153759544e-02 9.855249708804541056e-03 1.346565641600524100e-03 1.517200762984865896e-04 1.452471096334718535e-05 1.208818151981518126e-06 8.905048963199820869e-08 5.893738900719030903e-09 1.331097007173906007e-09
4.296482412060301792e-01 8.264645666366826626e-02 1.549088295352085351e-02 2.276117699208417972e-03 2.737065926154245315e-04 2.779888932646437265e-05 2.442526657133999280e-06 1.891915898136716901e-07 1.311659657653949822e-08 1.281645227775381561e-09
4.346733668341708490e-01 1.165168652201653832e-01 2.375574547097969447e-02 3.757637412205704335e-03 4.826620070427861892e-04 5.204210211720170577e-05 4.830223845542233999e-06 3.935709678181310287e-07 2.860086134350550106e-08 2.089750416313782050e-09
4.396984924623115742e-01 1.600574295722139440e-01 3.555024104562724829e-02 6.060323531381212742e-03 8.322046924344564693e-04 9.532488740877841592e-05 9.351105852655849753e-06 8.018971408567655698e-07 6.110932618638585407e-08 4.291366145139420807e-09
4.447236180904522440e-01 2.142678574632706501e-01 5.192661447639933953e-02 9.550818725881820778e-03 1.403316087166450645e-03 1.708812018889132808e-04 1.772721809937533637e-05 1.600676038306410236e-06 1.279696955096656594e-07 9.229421976113470687e-09
4.497487437185929693e-01 2.795746749156611810e-01 7.404540924067909424e-02 1.471118876647303265e-02 2.314856156075729282e-03 2.998659811821414111e-04 3.291625093517284284e-05 3.131038824415301081e-06 2.627160533986943734e-07 1.974766826405503955e-08
4.547738693467336946e-01 3.555966585799714141e-01 1.030977383026288191e-01 2.215192424902427681e-02 3.736254693523865557e-03 5.152399950701231062e-04 5.987959576925318609e-05 6.003177467287732932e-06 5.288751262413230846e-07 4.157195290651985396e-08
4.597989949748743643e-01 4.409507304768620628e-01 1.401911115487034509e-01 3.261531860563104956e-02 5.901872111384901150e-03 8.670461825476278445e-04 1.067453777032256382e-04 1.128458767002522113e-05 1.044265738385997061e-06 8.592185175010271426e-08
4.648241206030150896e-01 5.331417805490415995e-01 1.862023084013100793e-01 4.696390441332955884e-02 9.125929957109283827e-03 1.429296977269673211e-03 1.865179427959806656e-04 2.080188855251552101e-05 2.022839686560142146e-06 1.743060783785312066e-07
4.698492462311557594e-01 6.285757512783208822e-01 2.416080294402765671e-01 6.614868556852065984e-02 1.381618236810549204e-02 2.308576047968787046e-03 3.195139354369499075e-04 3.761231038457708126e-05 3.845055383018693463e-06 3.471207100264658443e-07
4.748743718592964846e-01 7.227218032502696898e-01 3.063117038573165973e-01 9.115301174897601222e-02 2.048371409890202208e-02 3.654247687264515487e-03 5.367225409147195932e-04 6.672091917140196744e-05 7.173475934956136043e-06 6.787244366530510501e-07
4.798994974874372099e-01 8.104274598230567506e-01 3.794912861829487505e-01 1.229103211146856667e-01 2.974554351154164514e-02 5.669847136323737449e-03 8.842822195490049678e-04 1.161423129776212911e-04 1.313817358164238178e-05 1.303292766113240146e-06
4.849246231155778797e-01 8.863636591842715129e-01 4.594963507471703790e-01 1.621976335222617693e-01 4.231626528694439754e-02 8.624794944543313219e-03 1.429223913870363146e-03 1.984285889301355666e-04 2.362698616889293950e-05 2.458190488336378635e-06
4.899497487437186050e-01 9.455498998619228379e-01 5.438216951781157382e-01 2.095113196798287503e-01 5.898500168703384172e-02 1.286506155247832232e-02 2.266535384539266392e-03 3.328047663954496736e-04 4.172887818930123789e-05 4.555137000814090335e-06
4.949748743718592747e-01 9.838892301060354617e-01 6.291780832349104235e-01 2.649366808293557307e-01 8.057464645884473975e-02 1.882085966189639414e-02 3.527438432443326735e-03 5.480623498317104599e-04 7.239435501369372028e-05 8.294393836749844206e-06
5.000000000000000000e-01 9.986340485056027783e-01 7.116688626447637001e-01 3.280273404089689704e-01 1.078819209820557068e-01 2.700895143032528908e-02 5.388531129882308257e-03 8.863529080606377241e-04 1.233941170500112356e-04 1.484389130083173773e-05
5.050251256281406143e-01 9.887096399286956494e-01 7.870654302661608259e-01 3.977133125406749903e-01 1.415991336046966143e-01 3.802684584670485562e-02 8.081132269152080383e-03 1.407986232075013030e-03 2.066739736136544788e-04 2.611386311787721094e-05
5.100502512562814506e-01 9.548428572083091925e-01 8.511574845685127011e-01 4.722568728016154904e-01 1.822215825116201837e-01 5.253616708436782690e-02 1.189979258683625425e-02 2.197260931417381515e-03 3.402172258980684519e-04 4.516821087964217039e-05
5.150753768844220648e-01 8.994746838381386667e-01 9.001390030047364821e-01 5.492723333139264419e-01 2.299479151175529423e-01 7.123292933753432032e-02 1.720854503524654397e-02 3.369229626824461320e-03 5.505305518146832782e-04 7.682615925597853469e-05
5.201005025125629011e-01 8.264711923852720021e-01 9.309811936768415119e-01 6.258193897696382457e-01 2.845839188444173606e-01 9.480345166706997950e-02 2.444311490736950088e-02 5.077120621709427066e-03 8.758596937060761888e-04 1.285209308719493430e-04
5.251256281407035154e-01 7.406801387707655504e-01 9.417417642556976665e-01 6.985704364325500126e-01 3.454625235564928176e-01 1.238662083436705419e-01 3.410708021529817308e-02 7.519904933035950582e-03 1.370209667677646298e-03 2.114945581497424938e-04
5.301507537688441296e-01 6.474033697863060821e-01 9.317667038456026729e-01 7.640414093612982738e-01 4.113936013670538849e-01 1.589019525271091193e-01 4.675995507662647488e-02 1.094922457240778829e-02 2.108183201382438955e-03 3.424170138909348685e-04
5.351758793969849659e-01 5.518640806124999187e-01 9.017555299466151197e-01 8.188651140436828957e-01 4.806559563207674080e-01 2.001767692480690974e-01 6.299545271191150930e-02 1.567461140332864281e-02 3.190554162838701250e-03 5.455199976234074467e-04
5.402010050251255802e-01 4.587418542341526462e-01 8.536810303858034521e-01 8.600776090129899076e-01 5.510404924687530848e-01 2.476649876507328596e-01 8.340883625735830142e-02 2.206566693116847680e-02 4.750356318639029941e-03 8.553263852677678867e-04
5.452261306532664165e-01 3.718298620340567684e-01 7.905761674375867409e-01 8.853838110498239988e-01 6.199481130222423975e-01 3.009807108822880606e-01 1.085533069420988456e-01 3.054969629596173547e-02 6.959093501453570904e-03 1.320030259074618344e-03
5.502512562814070307e-01 2.938426253809816591e-01 7.162199209694057878e-01 8.933691809269626027e-01 6.845390392112411515e-01 3.593276833021132877e-01 1.388867682927370506e-01 4.160325677307055020e-02 1.003247428210407230e-02 2.005534207356236137e-03
5.552763819095477560e-01 2.263753890122385815e-01 6.347669485749549700e-01 8.836303299630420272e-01 7.419229153207980154e-01 4.214769482843983006e-01 1.747119236861511549e-01 5.573625348143781966e-02 1.423486090261536288e-02 3.000075699021683036e-03
5.603015075376884813e-01 1.699929645547011148e-01 5.503709222087006525e-01 8.568078199030242370e-01 7.893724729734289403e-01 4.857800426468522059e-01 2.161143186444094977e-01 7.346764083115969735e-02 1.988142688661562879e-02 4.419270418722183111e-03
5.653266331658290955e-01 1.244106406282240868e-01 4.668479202869870726e-01 8.145175892354800107e-01 8.245388489511475960e-01 5.502223320599379797e-01 2.629043752342942186e-01 9.529248860631403528e-02 2.733687773299719667e-02 6.411268770025912306e-03
5.703517587939699318e-01 8.872385739730115350e-02 3.874156882887077602e-01 7.591910668596798528e-01 8.456448307961365041e-01 6.125167802005060391e-01 3.145704042544359424e-01 1.216411276168613415e-01 3.700954750534932863e-02 9.161568764892843650e-03
5.753768844221105461e-01 6.164599976343689697e-02 3.145295723117996767e-01 6.938458006151000390e-01 8.516338360813228148e-01 6.702334756433101504e-01 3.702497628732007162e-01 1.528322337449530832e-01 4.933978417260709987e-02 1.289686705068090328e-02
5.804020100502512713e-01 4.172246272014943497e-02 2.498196823047325599e-01 6.218164184250096760e-01 8.422572303798365745e-01 7.209553119572715829e-01 4.287245662962544945e-01 1.890229222916436358e-01 6.478181385495354605e-02 1.788717961105737442e-02
5.854271356783919966e-01 2.750096773810958503e-02 1.941193661739977483e-01 5.464788257135073657e-01 8.180899852741622125e-01 7.624461002397544540e-01 4.884466001622483899e-01 2.301600449616974520e-01 8.377874774763283128e-02 2.444535075443081407e-02
5.904522613065326109e-01 1.765000386640303703e-02 1.475645848753152634e-01 4.709985662172082033e-01 7.804735296766924790e-01 7.928147984116152847e-01 5.475934103972406319e-01 2.759377226838253816e-01 1.067310592111651024e-01 3.292302370955300234e-02
5.954773869346734472e-01 1.102704966186667836e-02 1.097383523487337614e-01 3.981280059877977950e-01 7.313935579161031653e-01 8.106589766003179376e-01 6.041542284714924715e-01 3.257665240419063690e-01 1.339596741891289355e-01 4.370219954130877965e-02
6.005025125628140614e-01 6.704762255578040897e-03 7.983397000382116970e-02 3.300679068860861154e-01 6.733081409979995158e-01 8.151723035274592855e-01 6.560408232655761118e-01 3.787594617706971367e-01 1.656657131134774974e-01 5.718168996767222095e-02
6.055276381909547867e-01 3.966445414775704968e-03 5.681435724424703515e-02 2.683988333955477645e-01 6.089466296486518715e-01 8.062045754082283189e-01 7.012150451720187139e-01 4.337390469117831104e-01 2.018897927927277014e-01 7.375809060620806823e-02
6.105527638190955120e-01 2.282393874113270663e-03 3.955085042707105758e-02 2.140784266169933892e-01 5.411018930184083864e-01 7.842681130865776229e-01 7.378222446762626729e-01 4.892680244266048306e-01 2.424745167945350777e-01 9.380136465893068598e-02
6.155778894472361262e-01 1.277085164695388256e-03 2.693180573669855943e-02 1.674932426255083540e-01 4.724373175674373981e-01 7.504904614393305140e-01 7.643183334539674911e-01 5.437042352701743075e-01 2.870342211021991163e-01 1.176257124607434923e-01
6.206030150753769625e-01 6.946248569938889622e-04 1.793783306792766721e-02 1.285493711425123309e-01 4.053261415233428422e-01 7.065193482780105505e-01 7.795782850617870574e-01 5.952775309138885751e-01 3.349360815662658086e-01 1.454570654527534146e-01
6.256281407035175768e-01 3.671424470972678347e-04 1.168559299348157637e-02 9.678458105730554373e-02 3.417349701389755801e-01 6.543909402260955632e-01 7.829754101802384181e-01 6.421841088222917104e-01 3.852962506580355218e-01 1.773992170259149903e-01
6.306532663316583021e-01 1.885022653283496830e-04 7.445395947176534739e-03 7.148590021469360123e-02 2.831567641812578473e-01 5.963758912351631025e-01 7.744236253662988290e-01 6.826913813951349663e-01 4.369937490875751562e-01 2.134012026006546214e-01
6.356783919597990273e-01 9.397904528433073125e-05 4.639378240804186045e-03 5.179958721636002822e-02 2.305922743747921555e-01 5.348191231825850656e-01 7.543787944011635105e-01 7.152448629029113381e-01 4.887034378897569531e-01 2.532289740381170606e-01
6.407035175879396416e-01 4.547820004104123425e-05 2.827119543832855384e-03 3.682450496692560304e-02 1.845736767382168686e-01 4.719886508067526742e-01 7.237995389050793094e-01 7.385678183073021152e-01 5.389476556635767190e-01 2.964445899196614387e-01
6.457286432160804779e-01 2.135249894749316948e-05 1.684679733986937326e-03 2.568411832868368327e-02 1.452206076015229441e-01 4.099463285975535887e-01 6.840721078695254365e-01 7.517447110548584055e-01 5.861642041945687165e-01 3.423959929194738128e-01
6.507537688442210921e-01 9.722376847967015854e-06 9.816456026416721988e-04 1.757605582582281306e-02 1.123171080987477588e-01 3.504496662584102307e-01 6.369074138057272405e-01 7.542808187859860736e-01 6.287865268932195661e-01 3.902199306620051655e-01
6.557788944723618174e-01 4.291101637087834980e-06 5.592820224739807142e-04 1.180099538035615792e-02 8.539804578609436203e-02 2.948894809989905386e-01 5.842207547656727007e-01 7.461326138516715112e-01 6.653303844399172107e-01 4.388597030973758195e-01
6.608040201005025427e-01 1.834935406421278298e-06 3.115441548517546531e-04 7.774408863158005153e-03 6.383502243164729251e-02 2.442637943014628887e-01 5.280057965456800284e-01 7.277063586815124552e-01 6.944803050618646445e-01 4.870982429712363837e-01
6.658291457286431569e-01 7.598005203103326435e-07 1.696657766208554843e-04 5.025489805349637844e-03 4.691410605518592930e-02 1.991846097901248391e-01 4.702140475655958718e-01 6.998254857846568644e-01 7.151687317297870106e-01 5.336056597110599986e-01
6.708542713567839932e-01 3.044836806483271631e-07 9.032909027755743820e-05 3.187588398471098445e-03 3.390042423599071153e-02 1.599114283100550038e-01 4.126494802292725028e-01 6.636703273195216912e-01 7.266411817063518352e-01 5.769989428562712908e-01
6.758793969849246075e-01 1.180211601899411230e-07 4.701022620203849689e-05 1.983943452121237315e-03 2.408727459629214640e-02 1.264037597420259174e-01 3.568854551032485944e-01 6.206962654246427347e-01 7.285018545987338445e-01 6.159101929548652654e-01
6.809045226130653328e-01 4.422005731441771339e-08 2.391447290486655396e-05 1.211685376039706424e-03 1.682962128785452094e-02 9.838446956775993846e-02 3.042080997831652089e-01 5.725381077348759007e-01 7.207358556785103954e-01 6.490586901662879216e-01
6.859296482412060580e-01 1.600516181494628878e-08 1.189064857023191670e-05 7.261967196400337865e-04 1.156347179869056038e-02 7.540637894970272925e-02 2.555872155256666556e-01 5.209092868638109941e-01 7.037063425566871810e-01 6.753214655022152790e-01
6.909547738693466723e-01 5.592228023379637577e-09 5.778288650081481527e-06 4.271033003091802131e-04 7.813619459065924977e-03 5.691584194977557937e-02 2.116730178110393379e-01 4.675043075354414768e-01 6.781272028987471723e-01 6.937969044271392605e-01
6.959798994974875086e-01 1.884866120432243653e-09 2.744194980378959917e-06 2.465110188073027595e-04 5.192650795269621034e-03 4.230873320104189955e-02 1.728148509959170909e-01 4.139118197709289459e-01 6.450140594526944104e-01 7.038563252393278402e-01
7.010050251256281229e-01 6.123744363733632490e-10 1.273580473248163470e-06 1.396288844666714643e-04 3.394075271713003963e-03 3.097609062108572578e-02 1.390966161849770677e-01 3.615439847849289956e-01 6.056182282748603374e-01 7.051794056375781938e-01
7.060301507537688481e-01 1.916227011780783971e-10 5.775743697488307757e-07 7.761770073048700799e-05 2.182086157957975441e-03 2.233832503015950599e-02 1.103830510226341127e-01 3.115856910224358289e-01 5.613495338037718385e-01 6.977706854948719783e-01
7.110552763819095734e-01 5.770375969197807423e-11 2.559380596309687664e-07 4.234520770576222568e-05 1.379948739239961544e-03 1.586826626350696517e-02 8.637112475449958138e-02 2.649649603406221132e-01 5.136944965635686922e-01 6.819560044839367841e-01
7.160804020100501877e-01 1.670716772503838199e-11 1.108112247327836253e-07 2.267344961120740376e-05 8.584544005864106452e-04 1.110428201298262196e-02 6.664150640495730693e-02 2.223438254014894200e-01 4.641363318234202340e-01 6.583594590134315139e-01
7.211055276381910240e-01 4.646616471121996171e-12 4.687403923139513654e-08 1.191552341762968368e-05 5.253604399316124047e-04 7.655273289221940433e-03 5.070613103988983600e-02 1.841272691962519970e-01 4.140824932478115450e-01 6.278630944729600705e-01
7.261306532663316382e-01 1.240161023107411591e-12 1.937135980017427778e-08 6.146158615950347281e-06 3.163050291384266583e-04 5.199565613149849212e-03 3.804912600836649755e-02 1.504866294998632170e-01 3.648042981797228190e-01 5.915529130742467334e-01
7.311557788944723635e-01 3.173041073247054429e-13 7.820743615665254318e-09 3.111738389456353846e-06 1.873640597254091383e-04 3.479656590964019282e-03 2.815958678298108309e-02 1.213932350417342015e-01 3.173916609250643783e-01 5.506557401649720962e-01
7.361809045226130888e-01 7.774182368273155877e-14 3.084460862757984380e-09 1.546412401944382354e-06 1.091995805089044107e-04 2.294538664052865693e-03 2.055577454443557189e-02 9.665793034284791974e-02 2.727243352666271492e-01 5.064719724605776241e-01
7.412060301507537030e-01 1.821859732753596017e-14 1.188335237949342278e-09 7.543719325497099485e-07 6.262292815497492646e-05 1.490976114386871262e-03 1.480116020604807167e-02 7.597247749002748740e-02 2.314595152317396320e-01 4.603092110625889855e-01
7.462311557788945393e-01 4.078773509935538202e-15 4.472133634688056029e-10 3.612430568564710571e-07 3.533840512315934338e-05 9.547482895287061865e-04 1.051332723006966757e-02 5.894947386096488495e-02 1.940343184747923000e-01 4.134213006912761390e-01
7.512562814070351536e-01 8.712528525226997549e-16 1.643981083824246116e-10 1.698181087042265676e-07 1.962390379697165528e-05 6.025270423057531386e-04 7.367074960329818636e-03 4.515825975652353053e-02 1.606806856229153480e-01 3.669564439856223825e-01
7.562814070351759899e-01 1.773272336189960085e-16 5.903071464100917931e-11 7.837122567551978989e-08 1.072439376213163760e-05 3.747660080761666982e-04 5.093171296546384307e-03 3.415518072745633849e-02 1.314496229191261800e-01 3.219169594478876739e-01
7.613065326633166041e-01 3.434076248228805015e-17 2.070400443927131233e-11 3.550880448880806375e-08 5.768106767132565286e-06 2.297557494062044353e-04 3.474140774568612068e-03 2.550740972119376615e-02 1.062414933167963177e-01 2.791320420112597400e-01
7.663316582914572184e-01 6.318347314295448800e-18 7.092915995298840709e-12 1.579580952108987477e-08 3.053456024321887558e-06 1.388422702413635715e-04 2.338298686671247580e-03 1.881024814942601486e-02 8.483917818547777323e-02 2.392437008587866842e-01
7.713567839195980547e-01 1.102758514293251967e-18 2.373514261659880239e-12 6.899138703960316421e-09 1.591009945440675524e-06 8.270899960807222805e-05 1.553006903370515116e-03 1.369836957879209602e-02 6.694131322555460506e-02 2.027050048860213616e-01
7.763819095477386689e-01 1.822775905789287036e-19 7.758207161363361847e-13 2.958808480338746480e-09 8.160229090049846714e-07 4.857202972429624805e-05 1.017876027282351315e-03 9.851832082924559184e-03 5.219335807570938540e-02 1.697889459123236300e-01
7.814070351758795052e-01 2.848546412905965546e-20 2.477096995010233794e-13 1.246036641460987589e-09 4.120081694110055556e-07 2.812217537332813993e-05 6.584027856262676974e-04 6.997876458519722287e-03 4.021489825870013662e-02 1.406056806224915412e-01
7.864321608040201195e-01 4.201279933184734568e-21 7.725920252809649161e-14 5.153009314787821888e-10 2.047903690438757090e-07 1.605342079446949358e-05 4.203303949181080986e-04 4.909574820744323082e-03 3.062221946412421736e-02 1.151256448132391141e-01
7.914572864321607337e-01 5.837297252661294936e-22 2.353967317827158562e-14 2.092823416872854242e-10 1.002166994556889654e-07 9.035854450118703944e-06 2.648617900954745841e-04 3.402333284581076159e-03 2.304577426471560164e-02 9.320602641931020893e-02
7.964824120603015700e-01 7.625954386803490383e-23 7.006726557280315247e-15 8.347807371086018519e-11 4.828637671567654072e-08 5.015114797333655440e-06 1.647419319806778400e-04 2.329120916724514503e-03 1.714263795849161123e-02 7.461829164036531958e-02
8.015075376884421843e-01 9.349595115160014612e-24 2.037605886436823702e-15 3.270456059476283205e-11 2.290818328094499090e-08 2.744920207605206630e-06 1.011514775281276168e-04 1.575128990427450632e-03 1.260440226450994239e-02 5.907482155222108094e-02
8.065326633165830206e-01 1.073657716052054216e-24 5.789559610871117424e-16 1.258547052533393256e-11 1.070203121851201143e-08 1.481641305708806005e-06 6.131269365809117002e-05 1.052387479028064074e-03 9.161180495385154443e-03 4.625317039519869639e-02
8.115577889447236348e-01 1.152607833594534694e-25 1.607406154266520310e-16 4.757582197377932846e-12 4.923566630553029247e-09 7.887663806777939502e-07 3.669150078376692408e-05 6.946996697646749385e-04 6.582507099156715419e-03 3.581694038346003306e-02
8.165829145728642491e-01 1.154625799073352635e-26 4.361133087362251416e-17 1.766813132920354337e-12 2.230799126160686931e-09 4.141648849488086999e-07 2.167925076403656368e-05 4.531131552576691309e-04 4.675928694972237946e-03 2.743273019951692968e-02
8.216080402010050854e-01 1.077488562679231040e-27 1.156405118081768235e-17 6.446373887863223719e-13 9.954917066473544759e-10 2.145089856335204561e-07 1.264775828977965915e-05 2.920320889811632158e-04 3.284027774585033827e-03 2.078301754236524732e-02
8.266331658291456996e-01 9.353575310882751448e-29 2.997129075816610901e-18 2.310975312970589063e-13 4.375637708875746500e-10 1.095955608741526422e-07 7.286183635393071400e-06 1.859922540985921877e-04 2.280519210357902053e-03 1.557515698755975071e-02
8.316582914572865359e-01 7.545693799124091281e-30 7.593429722395521591e-19 8.140775197204336707e-14 1.894532649232495752e-10 5.523874385666316591e-08 4.145058869575748737e-06 1.170645683509175336e-04 1.565936057680877630e-03 1.154690355187587211e-02
8.366834170854271502e-01 5.654754917887787967e-31 1.880894237096232643e-19 2.818148394658873730e-14 8.080734942019917364e-11 2.746795014455595846e-08 2.328799492282411695e-06 7.281959448147292779e-05 1.063292943567648897e-03 8.469011759487311830e-03
8.417085427135677644e-01 3.938717561895565133e-32 4.555602698762551966e-20 9.587996881908635716e-15 3.395620643572286660e-11 1.347624132177866152e-08 1.292203979231712664e-06 4.477019434290022533e-05 7.139956126291721475e-04 6.145520087719368897e-03
8.467336683417086007e-01 2.554514845393859510e-33 1.079065824112064317e-20 3.206250193570495243e-15 1.405850089075681730e-11 6.523790510840019558e-09 7.081975514018483771e-07 2.720653976079602263e-05 4.741620539839522144e-04 4.412326929949545590e-03
8.517587939698492150e-01 1.548077091885617418e-34 2.500002881994538533e-21 1.053933622267060308e-15 5.735125298672046075e-12 3.116368023789724598e-09 3.833795498311460380e-07 1.634281397195970655e-05 3.114379145833103641e-04 3.134614226316976421e-03
8.567839195979900513e-01 8.815105861507667308e-36 5.666274161219191536e-22 3.405787156134130028e-16 2.305493270315879327e-12 1.469074995981221903e-09 2.050130305883568280e-07 9.704542703401953141e-06 2.023271950270251853e-04 2.203595888806198378e-03
8.618090452261306655e-01 4.753667925165842836e-37 1.256600586343368809e-22 1.082065179917554869e-16 9.133460291828272541e-13 6.834627674352860507e-10 1.083025883424740964e-07 5.696963892627552877e-06 1.300168541526030273e-04 1.532975210145772534e-03
8.668341708542712798e-01 2.451998190219320107e-38 2.727228740002619338e-23 3.380379696797346009e-17 3.566082093936070790e-13 3.138273389970309763e-10 5.652335442327690523e-08 3.306415183547675337e-06 8.264794487064972234e-05 1.055400648508723026e-03
8.718592964824121161e-01 1.223407413053759786e-39 5.793704336266829445e-24 1.038482823857079147e-17 1.372354382015326101e-13 1.422332855143013158e-10 2.914577720342349559e-08 1.897326820530763671e-06 5.197275641622758349e-05 7.191213565736037346e-04
8.768844221105527303e-01 5.969982949482058830e-41 1.205010979155487712e-24 3.137629598059687250e-18 5.205890824389967593e-14 6.363205915081570236e-11 1.484939999190882657e-08 1.076522214359041059e-06 3.233366138149543179e-05 4.849679334067209953e-04
8.819095477386935666e-01 2.875767977194179384e-42 2.454248334149494607e-25 9.324389171535565360e-19 1.946762791221125043e-14 2.810249439237297860e-11 7.475748515785336916e-09 6.039835789394427545e-07 1.990185270152724099e-05 3.237226721220509153e-04
8.869346733668341809e-01 1.376398722656868304e-43 4.895927994921004241e-26 2.725865138012202809e-19 7.177215849083831398e-15 1.225287443019991805e-11 3.719118061964160545e-09 3.350994318042338847e-07 1.212036083214789898e-05 2.138974303370893160e-04
8.919597989949747951e-01 6.570191875537546360e-45 9.568411188778420641e-27 7.839773228810562294e-20 2.608916538414014508e-15 5.274551649337470052e-12 1.828486570286894343e-09 1.838627557283773374e-07 7.303732151832720104e-06 1.399050314300253944e-04
8.969849246231156314e-01 3.133419353476439853e-46 1.832462475613210358e-27 2.218547205101885839e-20 9.351089272363758193e-16 2.241908937594913198e-12 8.884585441702929526e-10 9.977239344625176225e-08 4.355169861680744365e-06 9.058978597674056975e-05
9.020100502512562457e-01 1.494001662073004906e-47 3.439740198077922734e-28 6.178053863709492109e-21 3.305210236259151947e-16 9.409483814526972354e-13 4.266809290778103794e-10 5.354865406617658725e-08 2.569922071866467980e-06 5.807188866848102027e-05
9.070351758793970820e-01 7.122954521892330724e-49 6.330219872696317054e-29 1.693188226009795585e-21 1.152147965661193695e-16 3.899956463173677976e-13 2.025429280792500706e-10 2.842714313277705625e-08 1.500765835276599817e-06 3.685666505740870826e-05
9.120603015075376963e-01 3.395981350983711502e-50 1.142415576539723166e-29 4.567545168279728638e-22 3.961206557911246855e-17 1.596359541788406724e-13 9.503987837783155617e-11 1.492757498029819223e-08 8.673761420831265526e-07 2.316071228000089922e-05
9.170854271356783105e-01 1.619085984011626948e-51 2.022335531448650785e-30 1.212938676866835111e-22 1.343367751526616010e-17 6.453713341999661473e-14 4.408560157488810886e-11 7.754281290157988172e-09 4.961658962870821941e-07 1.441105828790642093e-05
9.221105527638191468e-01 7.719238895014314289e-53 3.512525756544468446e-31 3.171233996295086405e-23 4.494165001626147853e-18 2.577079308964676490e-14 2.021701277460919037e-11 3.984876806648193074e-09 2.809276588339879412e-07 8.879123587210282226e-06
9.271356783919597611e-01 3.680264622189815850e-54 5.987397296353972378e-32 8.164074297563841321e-24 1.483298509030107341e-18 1.016520945278818022e-14 9.166293144090477829e-12 2.025974982009695310e-09 1.574466437881239455e-07 5.417471631125107949e-06
9.321608040201005974e-01 1.754622167918330253e-55 1.001902210814786679e-32 2.069813619912005373e-24 4.830283776205666202e-19 3.961017118318275110e-15 4.109171734550310026e-12 1.019116460752346659e-09 8.735076484447346847e-08 3.273387718923490368e-06
9.371859296482412116e-01 8.365428218274628078e-57 1.646261895743171264e-33 5.168424585218532538e-25 1.552103365398132344e-19 1.524861747419626288e-15 1.821486289869887827e-12 5.072345205952007964e-10 4.797526798188519178e-08 1.958819121803994781e-06
9.422110552763818259e-01 3.988345214976708977e-58 2.656913834910144859e-34 1.271292111562578212e-25 4.921666459451269287e-20 5.799882781816523397e-16 7.984282141886366531e-13 2.498122222715798268e-10 2.608605540914214629e-08 1.160937976570568681e-06
9.472361809045226622e-01 1.901504279132666527e-59 4.212892447724465434e-35 3.080710062021384616e-26 1.540235539945030933e-20 2.179740001738961672e-16 3.461078921358365238e-13 1.217483438085088968e-10 1.404308593050915863e-08 6.814956724326385201e-07
9.522613065326632764e-01 9.065711037205922659e-61 6.564892628432228855e-36 7.355854822171682175e-27 4.757574917472486675e-21 8.095035055553511497e-17 1.483816188593099644e-13 5.871938559357687727e-11 7.485185781872007848e-09 3.962580378539345740e-07
9.572864321608041127e-01 4.322215706377362384e-62 1.005633276734886778e-36 1.730817480714439585e-27 1.450601040405159175e-21 2.970935696645199000e-17 6.291714523713935180e-14 2.802809137141607840e-11 3.950491914862474630e-09 2.282313801905986153e-07
9.623115577889447270e-01 2.060682117021722151e-63 1.514736253608627947e-37 4.013881236560350647e-28 4.366311319345743007e-22 1.077606604639885136e-17 2.638794355920484354e-14 1.324108593760897595e-11 2.064576254676887003e-09 1.302195546904437207e-07
9.673366834170853412e-01 9.824615604324381876e-65 2.244090940110267112e-38 9.175558911201877860e-29 1.297557045647587769e-22 3.863240788331102792e-18 1.094755289095816194e-14 6.191504229706419424e-12 1.068474971944011694e-09 7.360406810315024000e-08
9.723618090452261775e-01 4.684035008380155287e-66 3.270924287341784436e-39 2.067831848580531370e-29 3.807361482226063300e-23 1.368989068556864632e-18 4.492942487447249601e-15 2.865732315623451633e-12 5.476131829609780311e-10 4.121670596408578650e-08
9.773869346733667918e-01 2.233184975713021810e-67 4.691885709189195872e-40 4.594864892803633784e-30 1.103185717684247676e-23 4.795534668025686594e-19 1.824207754601090913e-15 1.313004718609187906e-12 2.779597516374968866e-10 2.286712559834178334e-08
9.824120603015076281e-01 1.064704923602726608e-68 6.625079882044325326e-41 1.006851559558597410e-30 3.156756716785413940e-24 1.660715236244417867e-19 7.327818216972157142e-16 5.955420950662961861e-13 1.397367703224566744e-10 1.257006709982761319e-08
9.874371859296482423e-01 5.076142757628858074e-70 9.211298981889456325e-42 2.175974380075267454e-31 8.921598053653253580e-25 5.685994327499773731e-20 2.912452943062507806e-16 2.674223566023907878e-13 6.957951907148019931e-11 6.846531817301668366e-09
9.924623115577889676e-01 2.420092166877551961e-71 1.261258635847611692e-42 4.637392839222538056e-32 2.489318117712206225e-25 1.923478993913299882e-20 1.144267691090506648e-16 1.187409288901055519e-13 3.426447319976542032e-11 3.688299940309142948e-09
9.974874371859296929e-01 5.323889971609822369e-211 5.323889971609822369e-211 5.323889971609822369e-211 5.323889971609822369e-211 5.323889971609822369e-211 5.323889971609822369e-211 5.323889971609822369e-211 5.323889971609822369e-211 5.323889971609822369e-211
